1488844 [(3, 1), (4, 8), (2, 17), (3, 30), (3, 44), (5, 58), (3, 76), (3, 80), (3, 81), (3, 83), (3, 108), (2, 111), (3, 118), (5, 143), (3, 173), (3, 175), (2, 187), (2, 189), (5, 191), (4, 195), (3, 197), (3, 199), (3, 216), (3, 232), (3, 241), (4, 268), (4, 270), (2, 273), (3, 275), (4, 285), (3, 299), (3, 305), (4, 312), (3, 313), (4, 329), (4, 330), (3, 331), (3, 334), (4, 348), (3, 353), (3, 357), (4, 361), (3, 367), (3, 381), (3, 393), (4, 406), (2, 413), (3, 418), (2, 422), (3, 429), (3, 433), (3, 445), (3, 457), (5, 468), (3, 482), (3, 483), (3, 501), (2, 516), (3, 524), (4, 547), (3, 548), (3, 550), (3, 564), (3, 569), (5, 571), (3, 577), (3, 599), (5, 607), (2, 636), (5, 658), (3, 660), (4, 662), (2, 686), (4, 692), (4, 696), (4, 705), (3, 706), (3, 708), (3, 711), (4, 746), (3, 751), (3, 758), (3, 759), (5, 798), (3, 809), (3, 817), (3, 818), (3, 819), (3, 831), (4, 833), (3, 837), (5, 851), (3, 862), (3, 881), (3, 886), (2, 889), (4, 896), (3, 937), (3, 954), (3, 962), (3, 963), (4, 985), (3, 988), (4, 990), (3, 992), (3, 993), (3, 994)]
822109 [(5, 1), (5, 571), (5, 607), (5, 985)]
885013 [(4, 1), (5, 5), (4, 114), (3, 191), (5, 209), (4, 215), (5, 223), (4, 290), (4, 297), (5, 304), (4, 311), (5, 316), (4, 329), (1, 457), (3, 468), (4, 473), (3, 475), (4, 494), (4, 658), (4, 660), (3, 752), (5, 789), (4, 808), (3, 845), (4, 935), (5, 964)]
30878 [(4, 1), (1, 5), (3, 18), (3, 28), (4, 30), (5, 44), (3, 58), (3, 81), (3, 97), (3, 118), (4, 165), (4, 166), (4, 189), (4, 191), (4, 197), (5, 232), (4, 257), (4, 262), (2, 268), (4, 269), (3, 285), (4, 299), (3, 312), (5, 329), (3, 330), (4, 331), (4, 357), (4, 413), (5, 417), (3, 420), (5, 442), (5, 443), (4, 457), (4, 468), (4, 482), (4, 483), (4, 516), (5, 528), (4, 548), (3, 550), (4, 571), (4, 588), (4, 607), (5, 629), (3, 636), (4, 652), (3, 658), (3, 661), (3, 662), (4, 672), (4, 689), (4, 692), (5, 694), (4, 696), (4, 705), (3, 708), (3, 723), (4, 758), (4, 763), (3, 798), (3, 818), (4, 819), (3, 831), (4, 833), (4, 843), (4, 851), (4, 886), (4, 896), (4, 900), (4, 937), (4, 985), (3, 994)]
823519 [(3, 1), (1, 8), (4, 17), (4, 28), (5, 30), (4, 111), (3, 118), (4, 143), (4, 191), (5, 197), (3, 256), (4, 273), (4, 275), (4, 285), (5, 290), (4, 330), (3, 362), (3, 381), (4, 393), (4, 401), (5, 406), (4, 442), (4, 457), (4, 468), (4, 482), (4, 483), (3, 531), (3, 571), (3, 599), (4, 607), (4, 692), (4, 694), (4, 696), (5, 708), (4, 746), (3, 758), (3, 789), (4, 886), (5, 896), (4, 937), (3, 962)]
893988 [(3, 1), (4, 30), (4, 44), (4, 166), (3, 175), (2, 187), (4, 199), (4, 256), (3, 290), (3, 311), (3, 313), (4, 329), (3, 344), (3, 378), (3, 394), (3, 413), (2, 416), (3, 424), (3, 436), (4, 486), (3, 569), (3, 571), (4, 705), (2, 708), (3, 711), (2, 788), (3, 798), (3, 806), (3, 831), (3, 896), (2, 994)]
124105 [(4, 1), (5, 191), (5, 457), (5, 468), (5, 563), (4, 694)]
1248029 [(3, 1), (2, 28), (4, 30), (3, 48), (3, 58), (2, 77), (4, 84), (2, 111), (4, 138), (4, 152), (2, 166), (4, 191), (2, 227), (3, 232), (3, 252), (2, 255), (3, 257), (3, 269), (3, 275), (3, 285), (2, 295), (3, 299), (4, 304), (2, 313), (4, 345), (3, 350), (4, 361), (1, 362), (4, 368), (3, 386), (3, 390), (3, 400), (3, 420), (4, 425), (5, 426), (3, 433), (2, 443), (5, 451), (3, 468), (3, 476), (4, 483), (3, 494), (5, 550), (4, 555), (5, 563), (3, 575), (2, 596), (3, 607), (5, 609), (4, 634), (4, 658), (4, 662), (3, 668), (3, 681), (3, 686), (4, 688), (2, 692), (3, 705), (3, 708), (2, 723), (3, 741), (4, 746), (2, 749), (4, 752), (3, 758), (4, 760), (3, 798), (3, 809), (3, 831), (4, 862), (3, 886), (4, 893), (4, 896), (2, 919), (5, 940), (4, 942), (4, 985)]
1842128 [(4, 1), (3, 30), (3, 197), (5, 270), (4, 290), (4, 299), (4, 563), (2, 919)]
2238063 [(3, 1), (5, 313)]
1503895 [(4, 1), (3, 299), (5, 473), (3, 588), (4, 694)]
2207774 [(5, 1), (5, 33), (5, 48), (4, 84), (5, 96), (4, 133), (1, 153), (5, 163), (4, 169), (4, 194), (5, 221), (5, 239), (4, 263), (4, 270), (5, 273), (5, 290), (5, 313), (5, 314), (1, 361), (5, 401), (5, 434), (1, 580), (5, 617), (5, 681), (5, 694), (5, 746), (5, 760), (2, 781), (5, 799), (5, 845), (5, 853), (5, 886)]
2590061 [(3, 1), (4, 28), (4, 83), (3, 160), (4, 175), (3, 257), (4, 269), (4, 283), (3, 313), (3, 322), (3, 323), (3, 362), (3, 413), (4, 425), (4, 454), (4, 513), (3, 529), (4, 607), (5, 660), (4, 663), (3, 694), (3, 708), (5, 730), (4, 739), (4, 758), (5, 889), (4, 896), (3, 954), (3, 963), (4, 964), (4, 985), (3, 990)]
2442 [(3, 1), (3, 30), (3, 188), (4, 191), (4, 283), (3, 457), (4, 486), (3, 514), (4, 528), (2, 594), (3, 694), (3, 708), (3, 725), (1, 820), (3, 862), (3, 962), (4, 985), (4, 986)]
543865 [(4, 1), (4, 30), (4, 89), (4, 108), (4, 197), (4, 199), (4, 216), (4, 227), (3, 233), (5, 270), (4, 273), (4, 280), (4, 299), (4, 313), (5, 334), (4, 357), (2, 360), (4, 381), (3, 398), (5, 406), (5, 457), (4, 482), (4, 483), (5, 501), (3, 511), (4, 564), (4, 571), (4, 599), (5, 607), (4, 636), (4, 694), (4, 696), (4, 708), (4, 748), (4, 758), (4, 809), (4, 829), (5, 851), (4, 862), (5, 886)]
1209119 [(4, 1), (3, 20), (3, 30), (3, 97), (3, 191), (3, 199), (4, 241), (4, 290), (3, 357), (3, 409), (4, 442), (2, 457), (4, 516), (3, 518), (4, 571), (4, 720), (3, 730), (3, 807), (3, 849), (4, 872), (4, 886)]
804919 [(4, 1), (2, 108), (5, 191), (4, 241), (4, 265), (4, 406), (2, 457), (3, 468), (3, 483), (4, 694), (3, 760), (4, 985)]
1086807 [(3, 1), (4, 30), (4, 197), (5, 273), (5, 313), (2, 361), (4, 457), (5, 482), (5, 551), (4, 746), (5, 758)]
1711859 [(4, 1), (4, 28), (5, 33), (4, 58), (2, 77), (5, 88), (4, 114), (3, 175), (3, 189), (5, 191), (3, 197), (5, 209), (5, 223), (3, 241), (5, 242), (4, 253), (5, 256), (2, 289), (5, 290), (4, 311), (3, 329), (5, 330), (3, 361), (3, 409), (4, 417), (5, 457), (5, 468), (5, 473), (4, 482), (5, 494), (3, 564), (4, 571), (3, 607), (3, 658), (5, 673), (5, 694), (2, 705), (4, 752), (3, 764), (4, 788), (3, 789), (5, 798), (4, 799), (4, 829), (4, 872), (4, 889), (4, 907), (4, 985)]
372233 [(5, 1), (4, 28), (4, 48), (5, 175), (1, 187), (5, 189), (5, 191), (4, 197), (3, 199), (2, 208), (4, 241), (3, 252), (3, 255), (5, 263), (2, 268), (4, 269), (5, 270), (1, 295), (4, 299), (2, 311), (5, 312), (4, 313), (5, 329), (5, 330), (5, 331), (3, 353), (5, 457), (5, 468), (3, 473), (4, 483), (5, 494), (2, 535), (4, 563), (2, 564), (4, 571), (4, 607), (4, 629), (3, 636), (3, 658), (2, 668), (3, 692), (4, 705), (3, 708), (1, 746), (4, 752), (3, 758), (5, 788), (3, 798), (2, 818), (5, 825), (3, 851), (3, 859), (4, 940), (4, 962), (4, 985), (1, 996)]